function index =get_group_5_bn_local()

index=[
[1,5,sqrt(5)]',...
[6,10,sqrt(5)]',...
[11,15,sqrt(5)]',...
[16,20,sqrt(5)]',...
[21,25,sqrt(5)]',...
[26,30,sqrt(5)]',...
[31,35,sqrt(5)]',...
[36,40,sqrt(5)]',...
[41,45,sqrt(5)]',...
[46,50,sqrt(5)]',...
[51,55,sqrt(5)]',...
[56,60,sqrt(5)]',...
[61,65,sqrt(5)]',...
[66,70,sqrt(5)]',...
[71,75,sqrt(5)]',...
[76,80,sqrt(5)]',...
[81,85,sqrt(5)]',...
[86,90,sqrt(5)]',...
[91,95,sqrt(5)]',...
[96,100,sqrt(5)]',...
[101,105,sqrt(5)]',...
[106,110,sqrt(5)]',...
[111,115,sqrt(5)]',...
[116,120,sqrt(5)]',...
[121,125,sqrt(5)]',...
[126,130,sqrt(5)]',...
[131,135,sqrt(5)]',...
[136,140,sqrt(5)]',...
[141,145,sqrt(5)]',...
[146,150,sqrt(5)]',...
[151,155,sqrt(5)]',...
[156,160,sqrt(5)]',...
[161,165,sqrt(5)]',...
[166,170,sqrt(5)]',...
[171,175,sqrt(5)]',...
[176,180,sqrt(5)]',...
[181,185,sqrt(5)]',...
[186,190,sqrt(5)]',...
[191,195,sqrt(5)]',...
[196,200,sqrt(5)]',...
[201,205,sqrt(5)]',...
[206,210,sqrt(5)]',...
[211,215,sqrt(5)]',...
[216,220,sqrt(5)]',...
[221,225,sqrt(5)]',...
[226,230,sqrt(5)]',...
[231,235,sqrt(5)]',...
[236,240,sqrt(5)]',...
[241,245,sqrt(5)]',...
[246,250,sqrt(5)]',...
[251,255,sqrt(5)]',...
[256,260,sqrt(5)]',...
[261,265,sqrt(5)]',...
[266,270,sqrt(5)]',...
[271,275,sqrt(5)]',...
[276,280,sqrt(5)]',...
[281,285,sqrt(5)]',...
[286,290,sqrt(5)]',...
[291,295,sqrt(5)]',...
[296,300,sqrt(5)]',...
[301,305,sqrt(5)]',...
[306,310,sqrt(5)]',...
[311,315,sqrt(5)]',...
[316,320,sqrt(5)]',...
[321,325,sqrt(5)]',...
[326,330,sqrt(5)]',...
[331,335,sqrt(5)]',...
[336,340,sqrt(5)]',...
[341,345,sqrt(5)]',...
[346,350,sqrt(5)]',...
[351,355,sqrt(5)]',...
[356,360,sqrt(5)]',...
[361,365,sqrt(5)]',...
[366,370,sqrt(5)]',...
[371,375,sqrt(5)]',...
[376,380,sqrt(5)]',...
[381,385,sqrt(5)]',...
[386,390,sqrt(5)]',...
[391,395,sqrt(5)]',...
[396,400,sqrt(5)]',...
[401,405,sqrt(5)]',...
[406,410,sqrt(5)]',...
[411,415,sqrt(5)]',...
[416,420,sqrt(5)]',...
[421,425,sqrt(5)]',...
[426,430,sqrt(5)]',...
[431,435,sqrt(5)]',...
[436,440,sqrt(5)]',...
[441,445,sqrt(5)]',...
[446,450,sqrt(5)]',...
[451,455,sqrt(5)]',...
[456,460,sqrt(5)]',...
[461,465,sqrt(5)]',...
[466,470,sqrt(5)]',...
[471,475,sqrt(5)]',...
[476,480,sqrt(5)]',...
[481,485,sqrt(5)]',...
[486,490,sqrt(5)]',...
[491,495,sqrt(5)]',...
[496,500,sqrt(5)]',...
[501,505,sqrt(5)]',...
[506,510,sqrt(5)]',...
[511,515,sqrt(5)]',...
[516,520,sqrt(5)]',...
[521,525,sqrt(5)]',...
[526,530,sqrt(5)]',...
[531,535,sqrt(5)]',...
[536,540,sqrt(5)]',...
[541,545,sqrt(5)]',...
[546,550,sqrt(5)]',...
[551,555,sqrt(5)]',...
[556,560,sqrt(5)]',...
[561,565,sqrt(5)]',...
[566,570,sqrt(5)]',...
[571,575,sqrt(5)]',...
[576,580,sqrt(5)]',...
[581,585,sqrt(5)]',...
[586,590,sqrt(5)]',...
[591,595,sqrt(5)]',...
[596,600,sqrt(5)]',...
[601,605,sqrt(5)]',...
[606,610,sqrt(5)]',...
[611,615,sqrt(5)]',...
[616,620,sqrt(5)]',...
[621,625,sqrt(5)]',...
[626,630,sqrt(5)]',...
[631,635,sqrt(5)]',...
[636,640,sqrt(5)]',...
[641,645,sqrt(5)]',...
[646,650,sqrt(5)]',...
[651,655,sqrt(5)]',...
[656,660,sqrt(5)]',...
[661,665,sqrt(5)]',...
[666,670,sqrt(5)]',...
[671,675,sqrt(5)]',...
[676,680,sqrt(5)]',...
[681,685,sqrt(5)]',...
[686,690,sqrt(5)]',...
[691,695,sqrt(5)]',...
[696,700,sqrt(5)]',...
[701,705,sqrt(5)]',...
[706,710,sqrt(5)]',...
[711,715,sqrt(5)]',...
[716,720,sqrt(5)]',...
[721,725,sqrt(5)]',...
[726,730,sqrt(5)]',...
[731,735,sqrt(5)]',...
[736,740,sqrt(5)]',...
[741,745,sqrt(5)]',...
[746,750,sqrt(5)]',...
[751,755,sqrt(5)]',...
[756,760,sqrt(5)]',...
[761,765,sqrt(5)]',...
[766,770,sqrt(5)]',...
[771,775,sqrt(5)]',...
[776,780,sqrt(5)]',...
[781,785,sqrt(5)]',...
[786,790,sqrt(5)]',...
[791,795,sqrt(5)]',...
[796,800,sqrt(5)]',...
[801,805,sqrt(5)]',...
[806,810,sqrt(5)]',...
[811,815,sqrt(5)]',...
[816,820,sqrt(5)]',...
[821,825,sqrt(5)]',...
[826,830,sqrt(5)]',...
[831,835,sqrt(5)]',...
[836,840,sqrt(5)]',...
[841,845,sqrt(5)]',...
[846,850,sqrt(5)]',...
[851,855,sqrt(5)]',...
[856,860,sqrt(5)]',...
[861,865,sqrt(5)]',...
[866,870,sqrt(5)]',...
[871,875,sqrt(5)]',...
[876,880,sqrt(5)]',...
[881,885,sqrt(5)]',...
[886,890,sqrt(5)]',...
[891,895,sqrt(5)]',...
[896,900,sqrt(5)]',...
[901,905,sqrt(5)]',...
[906,910,sqrt(5)]',...
[911,915,sqrt(5)]',...
[916,920,sqrt(5)]',...
[921,925,sqrt(5)]',...
[926,930,sqrt(5)]',...
[931,935,sqrt(5)]',...
[936,940,sqrt(5)]',...
[941,945,sqrt(5)]',...
[946,950,sqrt(5)]',...
[951,955,sqrt(5)]',...
[956,960,sqrt(5)]',...
[961,965,sqrt(5)]',...
[966,970,sqrt(5)]',...
[971,975,sqrt(5)]',...
[976,980,sqrt(5)]',...
[981,985,sqrt(5)]',...
[986,990,sqrt(5)]',...
[991,995,sqrt(5)]',...
[996,1000,sqrt(5)]',...
[1001,1005,sqrt(5)]',...
[1006,1010,sqrt(5)]',...
[1011,1015,sqrt(5)]',...
[1016,1020,sqrt(5)]',...
[1021,1025,sqrt(5)]',...
[1026,1030,sqrt(5)]',...
[1031,1035,sqrt(5)]',...
[1036,1040,sqrt(5)]',...
[1041,1045,sqrt(5)]',...
[1046,1050,sqrt(5)]',...
[1051,1055,sqrt(5)]',...
[1056,1060,sqrt(5)]',...
[1061,1065,sqrt(5)]',...
[1066,1070,sqrt(5)]',...
[1071,1075,sqrt(5)]',...
[1076,1080,sqrt(5)]',...
[1081,1085,sqrt(5)]',...
[1086,1090,sqrt(5)]',...
[1091,1095,sqrt(5)]',...
[1096,1100,sqrt(5)]',...
[1101,1105,sqrt(5)]',...
[1106,1110,sqrt(5)]',...
[1111,1115,sqrt(5)]',...
[1116,1120,sqrt(5)]',...
[1121,1125,sqrt(5)]',...
[1126,1130,sqrt(5)]',...
[1131,1135,sqrt(5)]',...
[1136,1140,sqrt(5)]',...
[1141,1145,sqrt(5)]',...
[1146,1150,sqrt(5)]',...
[1151,1155,sqrt(5)]',...
[1156,1160,sqrt(5)]',...
[1161,1165,sqrt(5)]',...
[1166,1170,sqrt(5)]',...
[1171,1175,sqrt(5)]',...
[1176,1180,sqrt(5)]',...
[1181,1185,sqrt(5)]',...
[1186,1190,sqrt(5)]',...
[1191,1195,sqrt(5)]',...
[1196,1200,sqrt(5)]',...
[1201,1205,sqrt(5)]',...
[1206,1210,sqrt(5)]',...
[1211,1215,sqrt(5)]',...
[1216,1220,sqrt(5)]',...
[1221,1225,sqrt(5)]',...
[1226,1230,sqrt(5)]',...
];
